[0.03810815496989844, 0.13819148691053335, 0.03017314530467109, 0.07673281713994895]
[0.13238295350466003, 0.1836050932749872, 0.1151656999001072, 0.06924583586334034, 0.06924565384845006, 0.08062955050336225, 0.05729737489049435, 0.08536340307307291, 0.03995559078304059, 0.16255555168421146, 0.18060132146737765]
[0.0028380301947755885, 0.060133394638541074]
[0.08272819456829855, 0.12526942688008827]
[0.11344387991099694]
[0.08455068439022123, 0.12822214959905467, 0.06821895626909327]
[0.07766341868165491, 0.039489038933621115]
[0.03793295239544016, 0.32846144873439875]
[0.06592081537908491, 0.05175937673082057, 0.05346887695151851, 0.05708874633664949, 0.05868858071531028, 0.0826450196288797, 0.043669479617082334, 0.05480043271317004, 0.07693257113133055, 0.046951789126208884]
[0.08089408790274843, 0.17035945644602038]
[0.10873857510947704, 0.21081207302829383]
[0.08057517689298133, 0.11011893085606388, 0.17156450245992833, 0.1228421770969287, 0.16779043203249946, 0.06298373639186726]
[0.06802457057218976, 0.10759543156593246, 0.07038271806962364, 0.11746158606080817, 0.035270513642325904, 0.06056309615526728, 0.06713312664872537, 0.23521398010595787]
[0.11583758724314616]
[0.02630627426975471]
[0.07967451242525903, 0.06831283458787658, 0.057764359652804756, 0.07866254114327574, 0.07242794894812517, 0.04432080519929195, 0.03136083128708874, 0.11272606700336422, 0.11883940464907924, 0.08456576622879469, 0.22413943399686445, 0.07029158294420658, 0.14518575595159358, 0.09378151046295653, 0.12032066790292675, 0.12271264963709513, 0.14844735779519735, 0.12633054421269055, 0.1054799284267009, 0.09406831774136871, 0.13354474375505254, 0.14629336426201478, 0.1094214953035926, 0.10043677708203859, 0.06156936595945412, 0.1119257986382578, 0.12409252886865452, 0.07574156234696709, 0.06401250898271453, 0.09270574538144308, 0.1153597797342684, 0.10212948372976836, 0.07813284436858692, 0.12061052953372027, 0.07050472066103414, 0.12946048587121115, 0.17182577007817915, 0.11016662907581701, 0.08084149074469661, 0.08278568265252675]
[0.26255922772082, 0.20186424824999666, 0.0690040254256449, 0.1492495096480921, nan, 0.07743814957630811, 0.0848985002871498, 0.04721497405840887]
[0.056767958728905374, 0.2972747679185645, 0.03736993289137343, 0.06870603685204527]
[0.014768275986651324, 0.08378218895163336]
[0.21258740199353446, 0.2035657437255764, 0.19858677478737213]
[0.1222457886073632]
[0.10739778519197661, 0.24436115918769566, 0.13549420261499065, 0.163136999762604]
[0.12032938633861742, 0.08395595949475518, 0.09488037871741288, 0.13341324646595998, 0.053527303201605314, 0.04529617024370338]
[0.02857834494641769, 0.374816283681325, 0.023060705883560243, 0.6377961940573365]
[0.20307290146957913, 0.14343430551919858]
[0.14490867190814366, 0.13275597010520002]
[0.16348345100138353, 0.13198402763647188]
[0.06936778230695845]
[0.12485932182075507, 0.10188192572696599]
[0.21412882731996838, 0.09762325337812029, 0.09367407289346195]
[0.05185402858599848, 0.10611528912007141]
[0.010734683687953632, 0.31667529973553793]
[0.15092757145977848, 0.1296714337876997, 0.11858830795287467, 0.0914380843117011, 0.11661025119937321, 0.11647556212239984]
[0.09693087644094926, 0.11618334144678372]
[0.05882029050251422, 0.04769195166269428]
[0.12393094206698095, 0.1193504654678425, 0.16008744970070937, 0.1571598116779479, 0.07845818836735488]
[0.06955177638219663]
[0.10162773565614512]
[0.17950012285597633, 0.23212058603270172, 0.09505414787270262]
[0.11550445957787299, 0.09300644263257143, 0.10214247742975523]
[0.1194692475056304, 0.0934171787260287, 0.13473556001096737, 0.0668009889003611, 0.07659652996764078, 0.055450387372780345, 0.04723470308243371, 0.11729410325555, 0.09156540927797725, 0.06885672048484487, 0.04979631416609582, 0.0644053673333756, 0.038185319375808956, 0.045287813013691114, 0.0718709024079463, 0.03505186452692561, 0.03396775343396143, 0.040931550469997344, 0.11469140080746418, 0.13237640090571998]
[0.06723523839380528, 0.04992142516654099]
[0.09344055244787258, 0.04434059191466382]
[0.2462054099268554, 0.3421832759876711, 0.15504432999239073, 0.09698592676478238, 0.11285401103725336, 0.11522191186573308, 0.08687674068865071, 0.1016892189674729, 0.10916384219095787, 0.06009276025252072]
[0.1288968311435365, 0.16801765715156775]
[0.08345224376282076]
[0.12428038619552738, nan, 0.1759166050749482, 0.09291816235447005, nan, 0.0792646776054352, nan, 0.0889947189408367, nan, 0.22186738647811616, 0.07606606670712468, nan]
[0.10365606200543015, 0.08339360006221083]
[0.09767119674318912]
[0.0692629230277404]
[0.0466582145641431, 0.0871761704798565, 0.06034899785144929, 0.034834337158763204]
[0.27181606983164247, 0.13463544685207857, 0.12057091643517875, 0.1424731138397164]
[0.0593684658821236, 0.124002636553669]
[0.14688616065200727, 0.13813437325010025]
